5 5 5
2 3 1
4 1 1
5 2 2
1 5 2
2 1 2
2 3
5 5 5
4 3 3
3 4 5
5 3 5
5 3 7
5 4 8
3 5
5 5 5
2 5 1
3 4 2
1 1 4
2 1 5
4 3 6
2 2
5 5 5
1 5 1
2 1 1
3 1 2
3 5 2
5 3 2
5 5
5 5 5
1 3 1
4 4 2
2 5 2
3 1 2
5 3 3
2 5
5 5 5
1 1 1
3 2 3
4 1 4
2 2 5
3 1 6
1 5
5 5 5
1 5 3
3 2 3
3 3 3
4 2 4
2 1 4
2 4
10 10 10
5 9 1
3 10 1
10 1 1
6 1 3
7 1 4
8 1 5
9 1 6
6 10 6
9 2 7
1 5 7
5 5
10 10 10
7 4 3
6 10 3
2 8 4
8 5 4
9 6 4
8 6 4
9 9 4
2 9 4
7 5 4
4 4 4
9 7
10 10 10
9 9 2
8 8 2
4 1 4
5 1 5
6 1 6
6 10 7
7 9 8
5 8 10
5 9 10
3 9 10
10 4
10 10 20
1 3 3
2 2 4
2 1 4
3 1 5
5 7 6
9 7 6
5 8 7
7 3 9
1 9 9
4 2 9
1 4 9
4 10 11
7 10 11
4 9 11
5 8 12
5 1 13
3 7 15
7 10 15
8 9 16
3 10 18
7 1
10 10 30
7 2 3
8 1 4
10 10 4
5 10 4
1 8 4
9 8 4
9 1 5
10 1 6
10 2 7
3 3 8
4 2 9
3 10 9
9 4 10
1 10 12
7 3 12
5 5 12
10 4 12
6 1 13
5 4 13
2 8 13
3 7 14
5 7 14
5 3 14
5 2 15
10 3 16
7 9 18
8 8 19
4 9 19
8 7 20
1 7 20
9 8
10 10 40
1 4 1
4 8 1
3 7 1
6 9 1
10 7 1
2 1 2
3 1 3
7 3 4
10 4 4
3 9 4
1 2 4
9 10 4
6 5 4
3 6 4
5 10 4
5 6 4
4 6 4
1 9 4
10 10 4
9 3 4
4 5 4
1 3 4
2 2 5
7 3 5
3 1 5
4 2 5
10 1 5
7 8 5
5 1 5
8 5 6
9 3 6
7 7 7
9 10 8
10 9 9
10 10 10
9 10 11
8 8 11
5 6 12
10 1 14
5 6 14
2 1
10 10 50
8 9 1
1 5 2
7 1 2
8 6 2
8 9 2
4 4 2
5 3 3
10 4 3
9 8 3
10 7 4
1 10 4
6 9 5
8 2 5
9 1 5
8 10 5
4 3 5
5 2 6
2 3 6
3 2 8
2 8 8
3 7 9
2 2 9
8 1 9
9 6 11
3 2 13
9 1 14
1 3 14
2 2 15
6 7 15
4 8 17
5 10 17
8 1 17
9 6 19
5 2 19
6 6 19
7 5 20
8 4 21
9 3 22
3 8 23
5 7 23
7 4 23
5 5 23
10 8 23
10 9 24
10 10 25
5 8 26
8 2 26
4 4 26
5 3 27
1 9 27
8 7
10 10 100
6 1 1
5 2 3
6 10 3
6 1 3
7 1 4
7 6 4
10 1 4
7 4 4
7 2 4
1 7 4
1 9 4
3 3 4
4 2 5
1 5 5
2 4 6
4 3 7
5 2 8
1 1 8
5 10 8
6 9 9
6 3 10
7 2 11
1 9 13
4 2 14
5 3 14
6 2 16
8 2 16
9 1 17
10 1 18
4 4 18
10 9 18
10 10 19
9 5 20
7 9 20
3 2 20
10 7 20
5 10 22
10 4 24
10 7 26
4 8 26
3 3 26
6 1 26
1 5 26
2 4 27
8 5 27
1 4 27
2 3 28
6 7 28
5 3 28
6 2 29
3 5 29
7 6 29
9 6 29
3 8 29
7 5 29
10 8 29
2 7 31
2 6 32
1 1 32
5 7 32
3 6 33
6 1 33
9 4 35
2 1 37
3 1 38
1 8 38
9 3 38
8 8 38
9 7 39
2 10 39
10 9 40
10 10 41
1 7 41
3 2 41
8 10 41
7 3 41
2 6 41
5 6 42
7 9 42
9 4 43
6 3 43
7 2 44
8 1 45
4 3 45
3 2 45
5 10 45
6 9 46
6 8 46
7 7 47
2 7 48
3 10 50
4 9 51
7 2 51
4 2 52
8 10 52
9 9 53
10 8 54
2 1 55
2 10 55
2 4 55
2 3
10 10 200
9 8 2
3 5 2
4 4 3
2 3 3
3 2 4
7 5 5
5 6 5
7 4 7
6 3 7
4 1 7
10 2 7
5 6 7
6 5 8
4 4 8
5 3 9
6 4 9
1 4 11
2 3 12
3 2 13
4 1 14
2 1 14
1 1 14
2 1 15
5 10 17
9 2 17
10 1 18
4 4 18
2 6 19
8 3 19
9 2 20
2 3 21
9 7 21
8 8 21
9 7 22
3 6 22
8 7 22
9 6 23
7 5 23
8 4 24
9 6 24
10 5 25
9 1 25
10 1 27
1 7 29
1 9 29
9 8 29
2 1 29
3 1 30
4 1 31
9 1 31
8 10 31
1 4 31
10 5 31
7 10 32
1 4 32
2 3 33
8 10 33
9 9 34
2 10 34
1 7 36
6 7 36
2 5 36
8 3 36
4 4 36
3 5 36
10 10 38
9 10 39
10 9 40
5 4 40
5 10 40
6 8 40
10 1 40
3 8 40
4 7 41
5 6 42
2 8 44
7 3 44
3 6 44
10 2 44
8 1 46
9 1 47
2 10 47
3 9 48
5 7 49
3 8 49
4 7 50
7 5 51
8 4 51
9 3 52
10 2 53
10 6 53
10 6 55
10 7 56
10 10 56
7 3 56
1 6 56
3 2 56
8 7 56
1 7 57
4 7 57
1 5 57
2 4 58
3 10 58
4 9 58
5 8 59
6 7 60
9 8 60
10 7 61
10 8 62
10 9 63
1 2 63
5 9 65
6 3 66
2 4 66
2 6 66
10 5 67
8 5 69
10 1 69
3 7 71
4 6 72
6 9 72
2 8 72
1 5 74
1 3 74
7 1 74
4 6 74
5 5 75
4 2 77
1 10 77
2 9 78
6 10 80
8 5 80
2 10 80
4 9 80
5 10 80
2 4 80
3 3 81
4 9 81
1 1 82
3 4 83
1 6 83
3 7 83
4 6 84
4 7 86
5 6 87
7 3 89
1 4 89
3 4 89
2 8 89
3 7 90
4 6 91
4 6 92
5 5 93
4 6 93
5 5 94
6 4 95
1 8 95
2 7 96
4 10 96
5 6 98
7 1 98
7 10 100
8 9 101
9 8 102
4 9 102
5 8 103
7 1 103
10 4 104
10 5 105
10 6 106
1 1 107
2 1 108
3 1 109
9 4 110
7 3 110
8 1 111
7 6 111
5 3 113
7 2 113
8 8 113
3 2 113
10 1 115
5 9 115
9 3 115
7 4 116
1 6 116
5 3 116
4 4 118
4 4 119
6 4 120
2 4 120
6 9 120
4 4 120
8 6 120
10 7 122
10 8 123
10 9 124
8 8 124
9 7 125
2 1 125
5 2
15 15 100
4 7 1
5 6 2
6 5 3
6 8 3
7 7 4
6 13 4
7 12 5
14 6 5
15 5 6
15 11 6
9 4 8
7 1 8
8 1 9
6 8 10
4 6 10
2 3 10
3 4 10
4 3 11
5 2 12
14 2 13
12 8 13
3 8 13
1 4 13
14 3 13
15 2 14
9 7 16
9 8 16
10 7 17
7 4 17
12 5 17
8 5 19
5 12 19
6 11 20
8 9 20
4 7 20
4 5 20
6 7 21
7 6 22
9 6 22
3 8 23
4 7 24
4 6 24
5 5 25
11 11 26
12 10 27
6 14 27
11 5 27
1 8 27
14 14 28
6 4 28
15 4 28
12 5 28
13 4 29
14 3 30
10 8 30
13 4 32
1 8 32
8 9 32
13 8 32
13 5 32
5 14 33
3 1 33
14 13 35
2 11 36
6 15 38
9 12 38
11 7 40
15 4 41
8 5 43
6 4 44
7 3 45
8 1 47
13 8 47
7 1 48
7 8 48
8 7 49
8 14 50
4 7 50
8 11 50
5 6 50
13 9 52
14 8 53
15 14 53
5 15 53
1 13 54
9 7 56
5 11 56
13 1 58
14 1 59
15 4 59
7 1 59
12 5 59
13 4 60
2 12 60
12 5 60
12 3 60
13 2 61
12 11 61
1 3 61
14 13 63
2 7
15 15 200
9 8 1
10 7 2
3 12 2
8 11 3
9 10 4
6 12 6
13 2 7
14 1 8
9 1 8
12 1 8
13 1 9
12 2 10
10 15 10
13 8 12
14 7 13
15 6 14
5 11 14
1 11 14
2 10 15
15 13 15
15 14 16
9 5 16
2 9 16
15 15 18
15 7 20
15 10 21
11 6 21
12 1 21
4 15 23
5 14 24
5 7 26
13 12 26
3 6 28
4 5 29
5 4 30
8 12 30
9 11 31
9 8 32
15 12 32
9 1 32
10 1 33
10 13 33
2 9 33
14 6 33
11 3 33
4 3 33
9 4 33
10 3 34
7 12 35
7 10 35
6 1 35
15 5 35
13 10 36
14 10 36
5 13 36
15 6 36
4 14 37
5 13 38
11 15 38
5 12 40
2 10 40
6 11 40
7 10 41
4 6 41
5 5 42
13 14 43
6 9 45
4 11 45
7 15 45
8 14 46
9 6 46
14 1 46
7 1 46
12 13 46
13 12 47
14 11 48
14 8 50
4 3 50
7 15 51
14 7 53
5 15 53
1 11 55
12 6 55
10 2 57
11 1 58
12 1 59
11 5 61
9 12 62
14 5 62
15 4 63
8 9 63
5 3 64
13 6 64
10 4 65
7 11 66
8 10 67
9 9 68
7 14 68
13 5 69
1 14 69
7 3 69
8 2 71
9 1 72
6 5 72
8 13 72
13 15 72
10 6 72
11 5 73
12 4 74
6 9 75
15 6 75
15 7 76
4 9 76
14 11 77
10 9 77
8 6 79
6 1 81
15 7 83
15 8 84
9 5 86
10 7 88
6 5 90
7 4 91
8 3 92
1 2 92
2 15 92
7 8 94
14 5 94
3 15 94
4 1 94
12 5 95
10 9 95
13 13 97
14 12 98
15 11 99
7 4 99
15 15 101
9 14 101
10 13 102
11 4 102
15 9 102
2 7 103
4 9 103
8 8 103
1 6 103
9 12 104
1 7 106
2 9 108
2 8 110
7 4 111
5 5 112
1 12 112
4 2 114
8 10 114
11 8 116
12 2 118
5 15 118
2 10 118
6 13 120
15 3 121
15 4 122
1 14 122
5 1 122
8 10 122
11 11 122
12 10 123
6 2 125
7 1 126
5 11 127
14 13 128
15 12 129
10 10 129
15 9 129
4 6 131
6 5 131
14 3 131
15 2 132
10 9 134
11 8 135
7 15 135
8 14 136
9 13 137
2 2 138
3 1 139
4 13 139
2 1 139
15 14 139
9 8 139
13 2 140
14 1 141
3 8 141
7 1 142
5 9 142
12 15 144
14 4 146
12 7 147
9 5 148
10 4 149
1 6 150
6 11 150
3 7
15 15 300
6 9 3
8 14 3
1 9 3
10 13 5
9 13 5
8 4 5
8 1 5
6 3 7
7 9 7
8 8 8
15 2 10
2 10 10
11 7 10
12 6 11
13 5 12
4 8 13
7 1 13
8 1 14
9 1 15
5 15 15
5 14 16
11 5 18
5 3 19
2 2 19
8 11 20
12 15 20
2 7 20
13 8 21
9 7 21
11 11 21
8 14 21
11 8 21
1 7 22
9 10 22
12 9 22
8 10 23
9 9 24
3 1 26
4 1 27
1 1 28
10 1 30
14 7 32
8 9 32
15 4 32
11 13 32
15 10 33
12 12 33
13 5 33
14 4 34
5 10 36
8 4 36
11 5 38
15 7 38
15 8 39
3 3 40
7 3 40
8 2 41
3 15 41
11 11 41
8 3 43
3 15 43
8 1 43
14 13 43
15 12 44
10 2 44
7 8 44
3 2 45
11 8 45
6 8 45
7 7 46
14 2 46
15 1 47
2 15 49
14 11 49
15 4 49
15 15 49
9 1 49
3 4 49
7 9 49
8 8 50
9 7 51
7 12 53
2 8 55
3 7 56
13 13 58
6 5 59
9 14 60
8 15 60
15 2 60
11 15 61
12 14 62
3 15 62
15 13 62
12 1 62
2 5 62
1 4 62
2 3 63
6 3 65
11 2 65
6 9 65
9 14 65
10 13 66
3 11 68
11 14 69
3 11 71
6 9 71
7 8 72
11 2 72
9 10 72
8 9 73
9 8 74
10 7 75
11 6 76
14 12 78
10 9 78
10 2 78
10 8 80
3 14 80
11 2 80
7 15 81
8 14 82
11 5 83
1 8 83
2 7 84
3 6 85
6 3 86
13 8 86
8 10 86
8 14 86
7 5 86
9 8 86
4 12 86
3 4 86
12 5 88
11 15 89
14 13 91
6 3 91
7 2 92
9 4 92
9 3 92
10 2 93
11 1 94
2 4 95
15 8 95
15 9 96
5 10 96
2 5 96
14 15 96
3 1 96
13 2 96
14 1 97
15 1 98
4 6 98
13 9 98
3 1 98
10 13 98
7 9 100
13 13 100
6 7 100
7 6 101
10 2 102
14 3 102
15 2 103
8 11 103
15 8 103
12 12 103
11 5 103
2 11 105
9 10 105
4 12 105
5 11 106
9 10 106
8 7 106
2 11 107
5 9 107
5 4 107
3 2 107
4 1 108
8 6 108
9 5 109
13 6 109
14 5 110
6 4 110
4 7 110
5 2 110
13 7 110
3 6 111
4 5 112
5 4 113
1 1 113
14 8 113
5 5 113
2 10 115
3 9 116
4 8 117
5 7 118
6 6 119
15 10 119
15 11 120
11 1 120
3 2 120
7 9 122
8 8 123
5 7 123
6 6 124
7 5 125
13 12 125
4 6 127
2 5 128
14 6 128
7 2 128
8 11 128
12 4 128
6 5 129
7 4 130
12 7 131
9 5 131
10 4 132
3 7 133
4 6 134
5 5 135
6 4 136
11 8 138
5 9 138
6 8 139
4 14 139
10 8 139
11 7 140
12 6 141
8 7 141
12 11 141
8 1 142
10 4 142
12 4 144
13 3 145
14 4 145
3 7 147
10 5 147
11 1 148
12 1 149
7 10 149
1 5 149
5 8 149
2 3 149
1 4 151
2 3 152
3 2 153
10 7 155
11 6 156
10 1 156
1 2 156
2 1 157
3 1 158
13 9 158
7 2 158
15 12 158
15 13 159
11 13 161
12 12 162
10 9 164
2 3 165
15 5 166
9 3 166
8 2 166
5 8 166
7 4 166
7 7 167
1 6 167
2 5 168
12 12 169
8 7 171
12 15 172
13 14 173
14 13 174
10 1 175
3 8 177
2 5 177
2 8 178
15 15 180
11 14 180
11 10 180
10 4 180
11 11 180
8 1 181
9 1 182
10 1 183
1 8 183
8 12 183
9 11 184
14 7 184
4 2 184
5 1 185
3 9 185
13 12 185
7 4 185
13 9 186
3 4 187
8 8 187
13 8 189
9 10 189
6 14
15 15 500
7 6 1
3 3 1
13 1 1
14 1 2
15 10 4
15 11 5
15 12 6
6 12 6
7 11 7
14 6 7
12 4 8
13 3 9
14 2 10
2 4 10
12 4 10
3 5 10
4 4 11
6 8 13
7 7 14
8 6 15
9 14 15
12 9 15
12 5 15
15 14 15
3 6 15
14 6 15
3 9 15
1 1 17
2 1 18
10 2 18
7 1 19
2 2 19
3 1 20
13 11 22
9 11 22
12 4 22
13 12 22
10 8 24
9 4 24
8 4 24
7 5 24
11 5 25
12 4 26
8 1 26
12 6 27
2 10 27
11 3 27
7 3 27
2 7 28
3 6 29
14 13 30
12 10 30
12 3 31
14 7 31
15 6 32
12 2 32
12 13 34
4 11 34
5 10 35
14 12 35
2 10 35
14 15 36
15 14 37
6 13 37
13 1 37
14 11 37
2 15 37
3 14 38
4 13 39
9 1 39
5 15 39
11 13 41
3 12 41
4 11 42
4 9 42
5 8 43
12 6 43
13 13 43
4 8 43
15 1 43
2 5 43
11 10 43
8 5 43
9 4 44
7 12 44
11 5 44
6 3 44
7 2 45
8 1 45
8 1 47
9 1 48
4 2 48
5 8 48
9 15 48
10 14 49
5 3 49
9 1 49
3 3 49
4 2 50
1 12 50
8 12 50
9 1 51
10 1 52
11 1 53
12 1 54
14 13 55
15 12 56
9 5 57
11 1 58
12 1 59
13 1 60
12 5 60
14 11 60
7 15 60
7 12 60
11 5 60
7 13 62
7 8 62
2 9 62
3 8 63
11 6 64
11 2 64
12 1 65
6 14 67
9 3 67
15 9 67
14 11 67
7 8 67
12 11 68
6 11 68
7 10 69
8 9 70
9 8 71
1 1 71
2 1 72
15 3 74
14 4 74
2 2 74
5 8 74
6 7 75
13 9 76
7 1 76
10 9 76
10 6 76
13 5 76
7 10 76
5 5 76
6 4 77
7 3 77
9 12 78
10 11 79
12 6 81
6 15 81
12 12 81
1 11 83
6 10 85
1 7 85
1 6 86
11 8 86
15 6 86
6 11 86
7 10 87
10 6 89
7 9 89
5 10 89
8 10 89
2 15 89
9 5 91
15 9 91
2 6 91
10 11 91
5 5 92
4 11 92
15 5 92
15 6 93
15 7 94
5 5 94
14 9 94
8 10 96
9 9 97
10 3 99
15 5 99
3 15 99
4 14 100
7 9 102
6 3 102
3 14 103
8 12 103
14 15 103
9 3 103
9 11 105
8 11 106
2 13 106
1 3 106
2 2 107
3 6 109
4 5 110
8 6 112
14 10 114
12 10 114
13 4 115
10 15 115
10 4 115
13 14 115
14 10 115
14 8 115
15 7 116
10 4 118
11 3 119
4 3 119
11 4 119
8 2 120
9 1 121
6 1 121
11 2 121
12 1 122
13 1 123
5 7 123
7 14 125
2 15 125
4 4 125
5 3 125
10 10 125
4 15 125
13 3 125
15 11 125
15 12 126
10 6 126
3 4 126
4 12 128
2 7 129
3 6 130
6 15 130
7 14 131
14 14 131
5 10 131
4 12 131
9 9 131
4 9 132
7 9 132
9 7 132
11 8 134
12 7 135
12 15 135
11 11 135
15 9 137
2 6 137
3 5 138
4 11 138
4 2 138
11 4 138
6 3 138
7 4 138
8 3 139
9 2 140
7 4 142
9 11 142
10 10 143
12 5 143
14 2 143
7 14 143
8 13 144
9 12 145
15 4 145
15 5 146
1 10 147
13 9 147
14 8 148
12 4 148
13 3 149
14 2 150
14 5 152
6 11 152
11 5 153
11 1 155
6 8 155
10 6 155
9 13 157
7 10 157
5 6 157
11 7 159
8 7 161
9 6 162
10 5 163
11 4 164
12 3 165
2 6 165
3 5 166
3 1 166
4 1 167
12 9 167
7 12 167
8 11 168
3 2 168
5 11 168
7 10 170
4 15 170
9 6 170
10 5 171
10 12 173
12 4 173
15 13 173
15 14 174
15 15 175
11 10 175
1 9 175
3 13 177
2 9 179
3 8 180
12 6 180
10 5 181
11 4 182
9 7 183
7 4 184
8 3 185
9 2 186
3 1 186
4 1 187
5 1 188
13 5 189
14 4 190
12 3 190
1 12 190
7 14 192
8 13 193
7 2 193
10 4 193
11 3 194
5 2 196
6 11 196
7 10 197
1 10 199
2 9 200
10 2 200
11 1 201
3 3 201
4 2 202
5 1 203
1 14 203
2 13 204
3 12 205
15 13 207
10 3 207
7 11 209
3 12 211
4 11 212
14 9 212
9 6 213
13 11 213
2 11 213
3 10 214
1 6 214
14 12 214
15 5 214
9 1 214
6 13 216
13 12 216
4 3 216
5 2 217
6 1 218
1 10 218
2 9 219
3 8 220
4 7 221
15 10 223
9 12 224
6 12 224
9 2 224
10 1 225
11 1 226
13 6 226
15 9 226
15 10 227
10 1 227
6 15 227
6 2 228
6 8 230
7 7 231
13 4 231
10 12 231
7 5 231
8 4 232
9 3 233
8 10 233
9 9 234
1 13 234
9 13 234
9 11 234
10 10 235
15 7 235
12 2 236
1 3 236
15 1 236
8 8 236
8 5 236
8 10 236
14 11 237
10 12 237
1 3 237
10 6 237
5 11 239
3 7 241
4 6 242
13 9 242
12 9 244
9 13 244
12 15 244
6 2 244
13 2 246
14 1 247
2 13 247
4 14 247
5 13 248
7 5 248
3 13 248
4 12 249
5 11 250
10 11 250
13 10 251
14 9 252
1 7 252
10 12 252
11 11 253
7 9 253
13 1 254
14 6 254
15 5 255
13 14 256
15 2 256
3 11 256
2 1 256
3 1 257
1 14 257
2 12 257
6 4 257
8 2 257
14 4 257
6 1 257
2 10 259
12 1 259
13 1 260
9 9 260
1 8 260
4 4 262
4 14 262
12 10 263
10 9 263
3 3 263
13 7 263
2 11 263
11 3 263
13 11 265
1 3 265
2 2 266
2 12 266
2 1 266
3 1 267
4 1 268
5 1 269
5 12 269
6 11 270
13 3 270
1 8 270
11 11 270
11 14 270
14 3 270
10 8 270
2 1 270
7 7 272
12 1 272
15 5 273
6 4 275
7 3 276
7 14 278
15 8 278
15 9 279
15 10 280
15 3 280
12 14 280
13 13 281
14 8 281
13 4 281
10 6 283
13 8 285
12 9 286
5 2 286
8 1 286
9 1 287
3 14 287
4 13 288
11 6 288
15 15 290
14 15 291
14 7 293
8 7 293
15 7 295
6 1 295
14 14 297
2 14 297
3 6 297
5 4
15 15 1000
8 15 3
9 14 4
10 13 5
11 12 6
5 4 6
12 1 6
8 2 7
10 7 9
12 15 9
7 7 11
8 6 12
9 5 13
10 4 14
9 4 16
10 3 17
8 4 17
4 2 18
15 14 20
9 9 20
5 10 21
13 9 22
5 14 22
9 1 22
4 5 22
5 4 23
10 15 25
10 9 25
11 8 26
6 7 28
11 7 28
2 13 28
3 12 29
11 8 29
15 4 29
14 1 29
8 1 29
9 1 30
8 14 30
14 1 32
7 6 32
8 5 33
11 1 33
12 1 34
1 3 35
1 10 35
2 9 36
13 3 37
14 2 38
2 5 38
4 1 39
5 1 40
6 1 41
12 9 42
9 4 42
10 3 43
11 2 44
6 10 44
7 9 45
8 8 46
9 7 47
4 14 47
5 2 48
2 5 48
14 13 48
12 6 48
3 8 48
3 4 49
13 2 51
1 15 52
2 14 53
10 3 54
8 13 54
9 12 55
13 2 56
5 1 56
12 4 56
13 3 57
14 2 58
2 4 59
3 3 60
14 8 62
11 1 63
8 1 65
8 5 65
11 13 65
12 12 66
4 15 68
5 15 68
3 5 68
11 2 68
6 9 68
8 14 68
15 2 70
9 1 72
10 1 73
15 5 73
9 5 75
9 8 75
2 9 75
11 8 75
9 6 75
1 15 75
2 14 76
8 4 76
9 6 78
11 1 78
12 1 79
10 8 79
10 3 81
4 13 82
13 7 82
1 5 82
2 4 83
6 4 83
9 9 83
1 15 83
2 14 84
7 5 84
8 8 84
2 4 86
15 14 86
6 4 87
3 2 87
14 10 87
12 10 87
11 4 87
9 9 88
9 4 88
10 3 89
2 3 89
15 4 89
3 15 89
4 14 90
5 13 91
6 12 92
7 3 92
13 12 93
1 5 94
1 14 95
2 13 96
7 8 98
8 7 99
8 6 99
4 14 101
12 12 101
9 8 101
6 5 101
3 6 101
4 5 102
5 4 103
14 10 103
4 15 103
15 8 103
12 6 103
6 3 105
15 10 107
15 11 108
15 12 109
3 13 109
15 1 109
15 2 110
5 1 110
6 1 111
7 1 112
5 11 112
5 7 113
5 10 114
1 14 114
2 13 115
10 9 115
11 3 115
10 15 117
11 14 118
13 13 118
15 2 118
3 14 120
7 3 120
8 2 121
6 8 121
15 3 121
9 1 121
3 7 121
2 13 123
7 7 125
1 6 125
2 5 126
11 7 126
5 1 128
1 4 129
6 2 129
8 4 129
14 9 129
12 8 129
13 7 130
7 6 130
3 1 130
11 14 132
12 13 133
12 8 135
1 14 135
4 10 135
5 13 135
12 14 135
11 6 135
14 8 135
2 7 137
3 6 138
1 11 138
3 5 140
4 4 141
11 10 141
15 5 141
12 5 142
2 5 143
11 1 143
15 8 143
2 11 143
4 15 143
5 14 144
6 13 145
13 12 145
14 11 146
15 10 147
15 11 148
13 13 148
8 1 150
10 8 152
8 6 154
11 2 155
11 9 157
13 6 157
2 3 157
10 2 157
1 12 159
15 1 159
7 6 159
8 5 160
5 10 160
12 8 160
13 3 160
10 15 160
11 14 161
12 13 162
3 3 163
1 10 163
3 4 164
12 1 165
6 9 166
6 11 166
7 10 167
7 15 167
1 2 167
15 14 168
15 15 169
14 15 170
9 10 170
9 1 170
12 13 170
13 12 170
14 11 171
15 10 172
1 9 173
10 15 175
3 11 175
1 14 175
11 7 175
3 1 175
2 4 176
14 2 177
3 1 177
4 1 178
8 10 178
12 13 179
14 7 180
1 10 180
8 12 180
12 12 182
4 7 182
5 6 183
3 4 184
15 14 184
3 14 186
8 3 186
10 9 186
11 8 187
12 1 187
13 5 187
12 4 187
8 5 187
7 11 188
5 6 188
6 5 189
15 3 189
12 10 191
13 9 192
1 10 192
5 11 192
8 15 192
4 13 192
10 15 192
7 5 192
6 14 192
12 1 192
5 4 192
6 3 193
7 2 194
8 1 195
9 1 196
3 2 196
2 14 196
6 6 196
12 15 196
1 6 196
7 4 196
14 3 196
3 5 196
2 8 197
9 11 198
10 10 199
11 9 200
9 1 200
10 1 201
5 12 202
1 2 202
9 11 202
8 1 203
9 1 204
10 1 205
11 1 206
12 1 207
12 7 207
4 11 207
5 10 208
13 3 208
14 2 209
15 3 210
1 5 210
6 6 212
7 5 213
15 7 214
15 8 215
15 9 216
5 7 216
7 8 216
10 9 217
3 12 218
2 1 218
2 14 220
3 13 221
6 12 221
13 12 221
11 1 221
4 2 221
10 12 223
15 8 223
8 1 223
14 11 224
3 1 224
4 1 225
12 1 227
13 1 228
9 4 229
10 3 230
9 14 230
3 13 230
5 12 230
8 12 231
7 9 231
14 6 231
15 13 231
9 15 231
14 7 233
10 4 235
14 6 235
7 12 235
10 6 235
15 12 236
15 13 237
9 10 237
8 7 237
13 5 237
11 14 238
12 8 238
13 14 238
8 3 239
2 9 239
13 8 239
6 2 239
15 9 241
13 8 241
2 2 242
3 1 243
6 8 243
14 10 243
6 12 243
7 11 244
12 7 245
13 6 246
14 5 247
15 4 248
6 3 250
1 7 250
2 6 251
3 5 252
4 4 253
14 14 254
15 9 254
6 14 254
7 13 255
8 12 256
12 3 258
13 2 259
14 1 260
9 1 260
10 1 261
3 13 261
9 3 261
2 2 261
6 7 261
6 8 261
7 7 262
9 5 262
9 10 262
8 11 263
12 4 263
13 3 264
14 2 265
1 15 266
13 3 266
14 2 267
11 6 268
4 7 268
2 15 268
12 8 268
13 7 269
5 10 271
5 6 271
8 3 271
10 3 271
4 7 271
9 13 271
13 11 271
10 11 273
1 12 274
2 11 275
3 10 276
4 9 277
1 4 277
6 1 279
7 1 280
1 15 280
3 1 281
9 13 281
9 9 281
6 2 283
7 1 284
8 1 285
14 2 285
7 14 287
8 13 288
15 2 288
8 5 288
1 2 288
10 13 289
14 4 289
1 10 289
2 9 290
7 15 290
5 13 290
2 3 290
3 2 291
1 1 293
2 2 294
3 12 295
6 5 296
3 15 296
4 14 297
1 1 297
1 9 297
1 9 299
2 13 299
5 11 299
15 7 300
4 4 300
8 13 300
1 12 300
2 11 301
1 13 302
6 11 302
12 3 304
13 2 305
7 13 305
6 7 305
1 3 305
2 2 306
10 1 308
11 1 309
5 12 311
6 11 312
3 4 312
3 2 312
4 1 313
15 13 315
15 14 316
15 15 317
6 13 317
7 12 318
3 2 318
5 13 319
11 15 319
2 11 320
3 10 321
12 8 322
12 4 323
12 15 323
7 1 323
5 12 323
6 11 324
15 9 324
7 2 324
5 13 325
6 12 326
7 11 327
9 14 328
12 11 329
11 13 329
1 7 329
7 11 330
15 12 330
4 7 330
10 14 331
14 5 331
6 8 332
4 5 332
12 1 334
6 10 336
6 9 336
9 12 338
5 12 339
2 11 339
1 3 341
13 11 341
8 7 341
5 1 341
1 13 341
2 12 342
13 11 342
14 10 343
4 14 343
11 15 343
12 14 344
13 13 345
14 12 346
2 4 346
3 3 347
5 10 349
8 1 349
13 8 350
12 4 350
13 3 351
14 2 352
1 6 352
14 1 353
1 12 354
6 13 354
7 12 355
8 11 356
10 13 356
11 12 357
6 7 358
8 15 360
4 4 361
10 13 362
10 8 362
11 7 363
11 8 363
8 3 364
1 15 364
2 14 365
7 11 366
8 10 367
14 2 367
11 9 367
12 8 368
13 7 369
14 6 370
5 15 370
4 2 370
9 2 370
7 12 370
10 10 371
1 10 371
2 9 372
4 3 372
9 11 372
10 10 373
11 9 374
1 10 374
9 11 374
2 4 374
6 3 374
7 12 374
5 2 375
7 1 376
8 1 377
9 1 378
11 12 378
12 9 378
5 5 380
10 5 380
11 4 381
12 10 381
13 2 382
14 1 383
6 4 384
6 2 384
7 1 385
8 7 386
9 6 387
2 7 388
1 11 389
5 15 389
6 14 390
2 2 390
10 7 390
14 15 390
15 14 391
9 9 393
7 13 393
8 12 394
9 11 395
13 9 395
14 8 396
1 2 397
11 15 399
12 14 400
6 13 400
15 7 400
5 15 402
6 14 403
7 13 404
8 12 405
9 11 406
1 1 406
2 1 407
8 13 407
14 13 409
15 12 410
10 9 410
15 13 410
15 14 411
15 6 412
15 7 413
14 14 413
8 11 415
10 5 415
2 6 417
15 10 417
14 7 417
7 10 417
6 8 417
12 12 417
13 11 418
14 8 418
15 7 419
10 10 420
12 13 420
13 12 421
14 11 422
3 12 423
4 11 424
6 2 426
3 10 426
3 15 427
2 3 427
3 2 428
4 1 429
13 1 429
3 11 430
5 1 431
3 3 432
14 15 434
7 9 434
14 11 434
11 15 434
7 8 435
15 1 436
11 7 436
14 1 436
2 2 436
10 2 437
9 5 437
10 4 438
1 10 439
2 9 440
9 6 440
14 5 440
15 4 441
13 2 442
14 1 443
1 5 443
10 13 443
11 12 444
1 11 444
10 6 444
15 2 444
12 13 444
4 7 445
7 14 446
12 2 446
13 1 447
2 11 448
3 10 449
3 4 449
5 1 451
6 1 452
7 1 453
12 5 454
13 4 455
8 11 457
8 6 458
4 8 458
5 7 459
12 3 459
9 4 459
10 3 460
1 2 460
2 14 462
3 13 463
7 2 463
6 1 463
11 8 463
4 3 463
15 6 463
15 7 464
8 12 464
9 11 465
6 4 465
8 9 465
9 8 466
11 5 468
5 12 468
6 11 469
7 10 470
8 9 471
8 9 473
9 8 474
7 15 474
8 14 475
13 10 475
14 6 476
15 5 477
7 5 477
8 4 478
9 3 479
15 5 479
14 14 479
10 2 480
15 6 480
15 7 481
11 6 482
12 5 483
13 4 484
7 3 484
4 10 486
5 9 487
13 9 487
2 9 489
3 8 490
11 6 490
11 5 491
2 8 492
9 7 492
15 6 494
10 9 494
9 10 494
1 2 494
2 1 495
10 9 496
11 12 496
12 11 497
7 5 499
14 15 499
15 14 500
4 8 500
5 7 501
6 6 502
3 12 502
11 5 504
2 1 505
3 1 506
2 7 506
1 15 506
3 11 507
1 3 508
2 2 509
1 10 510
2 9 511
2 14 511
2 5 512
3 7 514
9 6 515
10 5 516
3 1 516
4 1 517
5 8 517
14 10 517
7 8 517
1 1 517
10 15 517
13 14 517
15 2 519
15 3 520
15 4 521
15 5 522
14 3 522
6 9 522
7 8 522
6 11 522
4 13 523
2 11 523
13 2 523
7 5 524
5 10 524
6 9 525
7 8 526
4 9 526
11 4 526
13 9 528
14 8 529
2 14 531
7 10 532
7 13 532
5 14 532
13 3 534
6 12 534
9 13 536
10 12 537
13 10 539
14 5 539
8 15 539
12 10 539
13 9 540
5 15 540
6 14 541
2 2 541
12 10 541
8 13 541
12 4 541
13 3 542
10 12 542
4 5 543
5 4 544
6 3 545
2 9 545
7 10 545
8 15 545
9 2 545
15 11 546
8 10 546
9 9 547
13 14 547
14 6 547
3 14 547
4 13 548
5 2 548
1 1 548
2 1 549
9 13 549
15 15 549
9 8 549
3 3 549
4 2 550
14 13 550
15 12 551
12 10 551
14 3 553
15 2 554
15 3 555
3 1 555
4 1 556
9 15 558
10 14 559
11 10 559
1 8 559
2 7 560
5 9 560
3 11 560
4 10 561
11 2 563
11 14 563
5 7 563
3 4 564
9 13 565
10 12 566
8 12 566
9 11 567
10 10 568
5 13 570
1 8 570
2 7 571
6 5 573
13 6 574
4 15 574
7 9 576
6 11 577
15 2 577
1 10 579
1 15 579
7 12 581
15 14 581
10 11 582
11 10 583
12 8 584
7 6 584
13 7 584
11 3 585
12 2 586
2 6 586
3 5 587
14 5 588
15 4 589
9 6 590
13 4 591
10 14 591
6 1 591
7 1 592
8 1 593
3 3 594
8 6 594
10 5 594
1 14 594
15 12 594
13 7 594
15 2 594
8 14 594
15 7 596
10 4 597
11 4 597
12 15 597
13 7 599
14 6 600
8 13 600
12 7 601
13 6 602
1 12 602
5 7 602
3 2 602
13 1 602
12 13 602
13 12 603
14 9 603
8 5 604
9 4 605
9 15 606
7 6 608
15 11 608
15 12 609
9 15 609
4 1 609
5 1 610
4 7 610
15 11 610
15 12 611
13 15 611
6 1 611
13 13 611
14 12 612
5 6 612
6 14 614
7 12 614
8 11 615
15 8 615
2 8 615
13 3 617
3 4 617
15 13 617
15 14 618
9 2 618
10 1 619
11 1 620
7 5 620
6 3 620
5 8 620
13 11 620
10 14 620
1 5 621
6 10 622
7 9 623
12 4 625
1 9 625
2 8 626
11 3 626
8 13 626
11 8 628
12 7 629
11 5 629
5 14 629
1 14 631
1 12 631
11 1
20 20 100
6 1 3
7 1 4
5 19 4
6 18 5
3 20 5
14 20 7
20 19 7
8 14 7
11 2 8
12 1 9
15 1 9
5 14 9
3 18 9
18 12 9
19 11 10
2 1 10
7 1 10
10 20 10
11 19 11
11 7 13
4 4 13
13 8 13
18 2 13
19 11 14
6 8 14
14 1 16
15 1 17
6 9 18
18 11 18
19 10 19
11 13 19
15 6 20
16 5 21
5 13 21
12 15 22
8 15 23
4 20 23
2 8 25
3 7 26
4 6 27
5 11 27
18 18 28
18 9 28
19 8 29
20 7 30
8 17 32
9 16 33
16 1 33
20 19 34
20 20 35
20 8 37
20 9 38
13 18 40
14 17 42
15 16 43
16 15 44
16 3 44
8 2 44
11 18 44
1 4 44
2 3 45
3 2 46
11 12 46
20 1 46
10 7 46
11 6 47
12 5 48
10 13 48
11 12 49
12 11 50
13 10 51
2 3 51
12 16 52
6 8 54
7 7 55
7 18 55
6 6 55
8 8 56
9 7 57
16 1 57
17 16 57
14 7 57
15 6 58
16 5 59
17 4 60
18 3 61
19 2 62
11 9 62
12 8 63
17 15 63
6 6 65
7 5 66
13 8 68
10 13 70
6 6 70
14 6 71
18 20 71
19 19 72
4 12 74
4 2 74
18 12
20 20 500
6 14 1
7 13 2
19 4 3
7 13 3
8 12 4
2 4 5
3 3 6
11 13 6
12 12 7
14 9 7
8 6 7
9 5 8
8 15 10
19 16 10
7 8 10
1 9 10
20 15 10
17 20 11
15 15 11
16 14 12
2 14 12
8 4 13
6 3 13
2 20 14
20 18 14
4 9 15
5 8 16
6 7 17
7 11 17
8 10 18
18 12 20
13 5 22
6 13 22
8 5 22
9 4 23
10 3 24
15 10 25
5 1 25
1 1 25
13 10 25
20 12 25
13 17 25
14 16 26
16 15 26
17 14 27
2 2 28
16 10 28
14 1 29
13 10 29
15 3 29
16 2 30
2 7 32
14 14 32
5 16 32
6 18 32
12 13 32
13 12 33
14 12 33
11 17 33
12 16 34
13 15 35
14 14 36
1 10 36
1 17 36
6 4 36
2 12 36
19 11 36
12 8 38
9 20 39
11 9 39
17 4 41
13 16 41
16 1 41
17 1 42
8 1 42
11 17 42
12 16 43
20 10 43
9 9 43
10 8 44
5 6 44
1 1 44
2 1 45
3 1 46
13 16 48
3 8 48
13 4 48
6 19 48
7 18 49
7 8 49
20 19 49
13 17 50
2 1 51
5 20 51
6 19 52
7 18 53
3 10 54
4 8 55
5 7 56
6 6 57
11 6 57
20 14 57
13 14 57
14 13 58
14 10 58
8 9 58
15 11 58
11 15 58
6 2 58
8 13 58
1 20 58
2 19 59
18 12 59
19 11 60
19 7 61
18 12 61
3 18 61
18 8 61
13 5 61
5 10 63
16 3 65
17 2 66
18 1 67
3 4 67
7 11 67
18 20 69
16 18 71
3 16 71
12 17 71
13 16 72
20 9 74
15 13 74
18 1 74
9 11 76
18 5 76
14 10 77
17 20 77
12 3 78
14 6 78
12 2 80
13 1 81
9 2 81
7 10 81
3 18 81
16 19 81
4 7 81
14 11 81
15 10 82
7 1 82
17 16 84
18 15 85
19 14 86
12 3 88
1 6 90
2 5 91
9 1 92
10 1 93
7 1 93
14 9 93
11 5 95
4 10 96
5 9 97
15 2 98
1 5 98
1 11 98
2 10 99
12 18 101
19 3 102
1 11 102
2 10 103
7 3 104
16 19 104
17 18 105
8 13 106
1 7 106
13 15 107
14 14 108
15 13 109
17 16 109
1 8 109
15 18 109
16 17 110
10 18 110
6 5 110
8 4 110
9 3 111
10 13 112
2 7 112
3 6 113
4 5 114
15 20 115
19 10 115
20 9 116
20 10 117
20 11 118
4 7 118
9 5 118
19 18 118
10 19 118
15 2 118
14 4 118
9 4 118
12 14 118
13 18 120
15 12 121
12 4 121
13 3 122
14 2 123
11 1 123
5 8 123
6 7 124
3 10 125
1 5 125
18 14 125
10 1 125
11 1 126
15 3 126
16 2 127
17 1 128
18 1 129
19 1 130
2 7 130
17 4 132
4 7 133
2 2 134
3 1 135
19 4 135
14 11 135
13 8 135
8 9 135
9 8 136
3 4 137
2 20 138
3 19 139
8 12 139
9 1 139
5 13 139
15 6 139
2 13 139
3 12 140
2 8 141
6 1 141
7 20 141
1 11 141
2 15 142
3 14 143
15 19 145
20 16 145
20 11 146
20 4 147
11 2 148
12 1 149
8 12 150
16 7 150
15 18 150
6 5 150
19 16 150
13 15 150
4 18 150
6 8 150
19 11 150
20 10 151
20 16 152
20 17 153
20 18 154
2 3 154
3 2 155
13 1 155
15 6 157
16 5 158
17 4 159
14 15 160
18 6 161
9 11 161
10 10 162
4 13 162
5 10 164
16 1 164
17 1 165
18 16 165
19 15 166
2 19 168
16 12 169
11 10 171
16 19 173
17 18 174
18 17 175
15 2 177
14 10 178
17 9 180
12 1 181
16 17 181
11 8 181
12 7 182
5 19 183
6 18 184
16 17 184
17 15 184
15 11 184
20 11 184
12 11 184
6 13 186
7 12 187
2 7 187
18 17 187
19 16 188
20 15 189
13 11 190
17 1 190
12 1 192
5 4 192
9 19 192
9 4 192
5 10 193
3 1 195
14 9 196
15 8 197
13 9 199
5 5 199
6 4 200
7 3 201
18 12 201
2 1 201
15 18 201
1 15 202
4 1 202
13 10 202
17 18 202
18 17 203
15 16 204
9 10 204
8 12 204
1 18 204
4 7 206
5 15 206
6 14 207
7 13 208
7 5 208
12 19 208
13 18 209
19 12 209
9 9 209
10 8 210
14 17 210
15 16 211
11 13 211
19 7 212
20 6 213
15 11 213
9 17 215
10 16 216
11 15 217
3 13 217
18 3 218
19 2 219
20 1 220
18 2 220
19 1 221
20 1 222
8 13 223
9 12 224
17 13 226
8 6 226
8 15 226
12 6 226
13 5 227
14 4 228
15 3 229
10 4 229
12 1 229
15 15 231
14 6 232
8 10 234
3 20 235
8 10 235
12 12 236
13 11 237
12 19 239
13 18 240
2 17 240
6 1 240
7 12 240
15 14 240
1 2 242
2 1 243
6 9 245
18 1 245
1 12 247
20 2 247
20 3 248
11 18 249
12 5 249
5 12 249
6 11 250
4 19 252
5 18 253
5 16 253
8 8 253
9 13 255
16 12 256
11 15 257
13 16 257
13 19 257
14 18 258
10 3 258
6 4 258
5 18 258
5 10 258
7 6 258
8 5 259
10 4 259
16 14 259
17 13 260
20 20 261
14 15 263
15 14 264
7 19 265
2 17 265
3 16 266
16 9 266
16 14 267
9 14 269
10 13 270
7 12 270
1 2 272
2 1 273
6 5 273
7 4 274
4 5 274
17 20 276
15 4 276
20 9 276
20 10 277
3 1 277
14 2 279
13 16 279
17 14 279
18 13 280
19 12 281
13 20 281
3 7 281
6 11 281
7 2 283
14 11 285
19 7 287
15 13 287
1 18 289
9 1 289
16 14 289
17 13 290
4 20 291
14 10 291
1 5 291
20 3 291
10 13 292
6 10 292
11 14 294
19 6 294
17 10 295
14 2 297
15 1 298
6 13 298
4 2 298
9 18 300
10 17 301
6 1 301
6 19 302
8 13 302
12 7 302
14 13 302
10 9 304
11 8 305
1 10 305
3 4 307
4 19 307
2 17 307
5 1 308
7 20 308
8 5 310
17 10 312
18 9 313
14 4 314
15 3 315
1 3 316
5 15 317
14 19 317
14 4 317
2 4 317
11 7 317
2 7 317
3 9 319
15 8 319
9 4 319
20 8 319
20 9 320
20 10 321
9 9 321
10 8 322
6 3 322
16 6 323
16 5
20 20 500
16 6 3
11 18 4
5 17 4
6 16 5
5 1 5
6 1 6
7 18 6
14 16 6
15 15 7
9 5 7
7 1 8
8 1 9
9 1 10
7 16 10
1 20 11
2 19 12
19 10 12
12 4 12
13 3 13
14 2 14
2 3 15
19 3 15
20 2 16
4 16 16
18 8 18
20 20 18
10 1 18
11 1 19
13 9 19
8 17 19
11 19 21
14 4 21
7 14 23
8 13 24
7 10 26
12 14 26
5 2 26
13 13 26
14 12 27
12 16 29
5 19 30
5 16 30
8 14 30
14 16 30
15 15 31
13 3 33
16 11 35
17 10 36
20 13 36
20 10 36
20 11 37
20 14 39
20 15 40
20 16 41
6 10 41
19 12 41
19 7 42
19 14 42
20 13 43
9 16 44
12 13 44
6 20 46
11 8 46
13 3 46
4 14 46
2 20 46
20 10 46
4 19 46
20 7 46
20 8 47
8 10 47
9 9 48
10 8 49
3 6 49
4 5 50
19 19 50
12 2 50
11 14 52
10 2 52
8 11 53
18 20 53
14 7 53
1 2 54
20 13 54
13 17 54
11 1 55
2 8 56
16 20 56
5 9 56
18 2 56
2 4 56
3 18 56
4 17 57
5 16 58
19 4 58
16 5 59
18 3 59
10 10 60
10 2 60
11 1 61
12 1 62
13 1 63
17 12 63
19 17 63
12 5 64
8 9 66
19 17 66
20 16 67
20 17 68
20 18 69
4 14 69
17 6 70
1 9 70
2 9 70
3 8 71
19 16 72
9 15 72
19 6 72
18 7 72
2 6 73
2 13 73
1 5 73
8 18 73
18 16 73
14 2 74
10 5 75
11 4 76
19 17 77
4 18 77
16 4 77
20 9 77
18 3 77
17 13 79
16 18 79
5 2 79
20 19 81
7 6 81
8 5 82
9 4 83
10 3 84
17 7 84
18 6 85
18 17 87
19 16 88
20 15 89
7 6 89
17 5 89
20 14 89
5 18 89
20 12 89
17 7 89
15 19 89
9 2 90
8 1 90
20 18 90
17 7 90
6 20 92
3 18 94
2 4 94
13 11 94
18 5 94
8 6 95
12 18 95
6 3 96
8 15 96
9 14 97
20 6 98
6 13 99
2 16 99
1 15 99
14 10 101
17 13 101
11 10 101
12 20 102
19 12 102
11 5 102
4 15 102
2 12 103
10 15 103
11 14 104
10 8 104
1 18 104
3 6 105
4 5 106
19 12 107
7 3 107
3 17 107
4 16 108
1 6 108
2 5 109
14 11 109
8 20 110
17 19 110
18 18 111
15 5 111
14 9 112
11 1 112
2 17 112
8 1 112
6 13 113
13 14 113
14 13 114
8 16 116
20 8 116
6 16 116
7 5 118
1 18 118
8 17 119
9 16 120
13 5 120
18 15 120
19 14 121
20 13 122
20 14 123
19 19 123
1 19 124
8 16 125
15 14 125
7 5 125
11 9 125
16 9 127
7 20 127
8 19 128
10 4 128
10 3 128
11 2 129
12 1 130
9 14 132
10 13 133
10 11 133
11 10 134
12 9 135
13 8 136
11 9 138
12 8 139
13 7 140
1 14 140
11 18 142
11 7 142
2 5 142
3 4 143
4 3 144
4 18 144
5 17 145
20 14 145
20 15 146
8 15 146
9 14 147
5 11 149
2 8 149
7 10 149
13 13 149
17 11 149
18 10 150
19 9 151
18 4 151
9 19 151
10 18 152
4 1 153
7 8 153
14 11 153
15 11 153
16 10 154
7 10 154
8 9 155
18 11 155
1 19 155
19 5 155
11 4 157
12 3 158
8 9 158
18 14 159
1 12 159
2 20 159
17 18 159
2 10 159
8 1 159
9 1 160
20 10 162
13 1 164
14 1 165
18 7 166
19 6 167
12 16 167
13 15 168
5 5 168
11 4 169
15 1 169
15 17 170
12 5 170
14 2 170
12 16 170
13 15 171
19 4 171
20 3 172
7 8 172
18 11 172
6 19 173
13 5 173
16 3 175
16 10 175
20 2 177
18 4 177
11 16 178
7 3 178
4 1 178
7 5 178
5 17 178
19 15 178
20 14 179
1 17 179
18 5 181
13 12 181
1 8 181
10 18 183
1 8 183
2 7 184
15 3 185
12 16 186
13 15 187
3 5 187
16 10 188
4 5 188
18 7 189
13 13 189
15 19 189
4 14 189
15 9 189
13 2 189
15 6 189
2 13 189
20 8 189
5 14 191
6 13 192
10 12 193
11 11 194
2 3 194
3 2 195
3 16 197
11 11 197
20 10 197
13 6 197
6 8 197
3 18 197
13 10 197
13 17 197
14 11 197
15 17 197
17 12 197
18 11 198
7 14 199
6 2 199
9 18 201
2 8 202
4 8 202
5 7 203
3 8 204
13 16 204
19 2 204
15 12 204
4 6 205
3 15 205
4 2 205
17 17 205
3 17 206
7 10 207
2 7 207
14 6 208
10 6 208
3 8 208
4 7 209
5 6 210
11 7 210
5 1 210
5 3 211
11 2 211
17 5 213
6 15 213
5 17 214
5 10 216
8 15 216
8 13 216
9 12 217
10 9 218
18 13 218
18 2 220
19 1 221
9 6 221
5 11 221
6 10 222
19 5 222
20 4 223
2 16 225
3 15 226
10 13 226
6 4 226
1 7 227
16 8 227
17 7 228
5 10 228
14 4 229
14 14 229
4 1 231
1 3 233
1 8 233
3 9 233
11 17 235
18 19 235
11 2 235
12 7 235
18 10 236
13 2 237
17 8 239
17 7 239
19 3 239
20 2 240
7 4 240
8 17 240
12 13 242
16 7 244
18 17 246
15 5 247
4 15 247
17 6 247
18 5 248
19 4 249
12 12 251
13 11 252
15 11 252
5 18 254
15 18 254
11 10 254
12 9 255
5 3 255
6 11 257
5 12 257
6 11 258
1 16 258
11 4 258
14 10 259
7 20 259
16 5 259
3 1 259
15 3 259
10 1 260
5 3 261
6 7 261
7 6 262
20 13 262
19 11 262
18 3 264
15 5 264
17 19 264
19 19 264
16 19 265
10 11 265
11 10 266
16 16 266
14 1 267
19 20 267
20 19 268
13 4 268
14 3 269
2 7 270
8 13 272
15 2 272
16 1 273
16 10 275
16 8 275
17 7 276
9 20 277
17 7 277
9 14 279
6 17 279
7 16 280
4 9 280
20 16 280
9 15 280
10 14 281
18 5 281
6 16 281
9 12 281
14 7 281
7 18 281
4 6 281
3 16 281
13 9 283
9 12 283
5 17 283
1 6 283
2 5 284
3 4 285
18 15 285
16 1 285
4 8 287
15 15 287
8 15 287
3 12 288
20 19 290
7 15 290
1 14
20 20 1000
15 19 1
13 11 3
9 19 3
10 6 4
4 3 4
20 14 4
11 4 4
10 1 5
10 13 6
5 6 6
17 6 6
3 12 6
8 12 6
6 12 7
5 3 9
6 2 10
2 7 10
11 11 10
12 10 11
16 7 11
13 7 11
4 8 11
6 7 13
1 11 13
18 5 13
19 4 14
9 5 14
16 7 14
17 6 15
18 5 16
15 17 17
20 8 17
6 6 17
18 15 17
19 14 18
12 4 18
11 13 20
12 12 21
1 6 21
12 2 21
13 1 22
9 10 23
16 2 23
8 11 25
9 10 26
13 17 27
13 19 27
16 19 29
5 7 30
3 8 32
5 20 32
3 18 33
4 17 34
19 8 36
20 7 37
4 2 37
4 20 37
11 7 37
9 10 39
10 9 40
13 7 42
4 9 43
8 8 43
11 6 43
11 20 45
2 10 45
20 11 45
5 7 45
5 13 46
1 8 47
1 12 47
2 11 48
3 10 49
7 10 49
8 9 50
11 12 50
12 11 51
18 7 51
19 3 51
11 18 51
8 18 51
9 17 52
4 12 54
11 9 54
13 10 54
14 9 55
8 8 55
18 19 57
14 8 57
11 7 57
12 6 58
17 17 58
12 8 58
9 10 58
12 2 58
13 1 59
14 1 60
7 5 60
4 3 60
19 16 60
20 15 61
17 9 61
10 5 61
14 16 61
16 10 63
17 9 64
18 8 65
4 1 65
8 1 65
20 9 67
5 16 67
13 13 67
9 18 67
10 17 68
17 11 68
18 10 69
19 9 70
6 8 70
19 15 70
6 1 72
19 19 72
14 4 72
18 19 72
7 19 72
8 18 73
18 3 74
10 17 74
15 5 76
16 4 77
14 8 77
12 9 77
3 16 79
2 16 79
3 7 80
4 6 81
18 14 81
11 20 81
14 16 81
17 9 81
12 17 82
11 17 82
10 19 83
1 5 84
6 18 84
20 14 86
13 2 87
14 1 88
10 12 88
20 8 88
18 18 88
4 16 88
5 12 88
14 9 88
17 17 88
18 16 89
20 11 89
19 5 91
20 4 92
20 5 93
15 7 93
16 6 94
19 2 95
8 8 95
3 16 95
17 18 95
18 17 96
1 16 96
18 19 96
3 6 96
4 5 97
10 7 97
11 6 98
19 11 100
10 15 100
18 12 100
20 12 102
20 13 103
20 14 104
19 4 104
16 14 106
16 19 106
8 18 106
1 15 106
15 6 108
16 5 109
14 17 109
13 20 109
18 6 110
1 3 110
14 10 110
3 10 110
4 9 111
14 11 111
15 10 112
6 10 112
3 3 112
4 8 112
5 7 113
16 12 113
6 4 113
9 18 113
18 12 113
14 12 115
20 9 115
20 10 116
6 12 116
14 16 116
15 15 117
16 14 118
16 10 118
17 9 119
9 14 121
16 18 121
17 17 122
18 16 123
15 8 125
20 12 125
14 17 126
8 15 126
9 14 127
7 20 127
13 13 127
14 12 128
15 11 129
1 10 131
7 15 133
19 14 133
7 5 133
8 4 134
9 4 135
9 13 135
13 3 137
7 12 139
13 7 141
6 14 141
7 13 142
13 18 142
19 18 142
20 17 143
3 4 143
7 8 143
5 11 143
11 2 143
11 14 143
18 14 143
19 2 145
6 7 145
5 9 147
11 11 147
19 14 148
15 14 150
8 17 150
14 9 151
15 8 152
12 5 152
16 1 152
3 14 152
14 16 152
4 1 152
5 1 153
17 17 155
5 4 155
10 4 155
16 14 155
17 13 156
14 15 156
5 18 156
6 17 157
7 16 158
14 10 158
17 12 158
5 20 158
9 5 158
10 4 159
11 2 159
4 4 159
10 3 161
12 16 161
2 5 161
6 16 162
20 1 164
5 15 164
6 14 165
7 13 166
8 12 167
3 4 167
4 3 168
5 2 169
6 1 170
8 7 171
9 6 172
13 11 172
10 10 173
4 11 173
12 5 173
8 6 174
9 5 175
13 5 175
12 19 177
13 7 177
9 5 179
6 8 179
7 7 180
8 6 181
2 10 181
16 15 182
8 5 182
14 9 182
17 4 182
15 16 182
15 1 182
4 6 182
13 13 184
6 10 184
5 9 185
8 1 185
9 1 186
10 5 188
11 4 189
11 12 189
17 11 190
6 17 191
17 12 192
19 5 194
14 10 194
15 9 195
9 12 197
10 11 198
9 10 198
10 5 198
11 4 199
12 3 200
5 7 200
17 1 200
1 18 200
2 17 201
3 16 202
4 15 203
16 17 203
17 16 204
18 15 205
6 19 205
7 18 206
14 10 206
14 13 207
13 14 207
1 20 208
15 6 208
16 5 209
17 4 210
9 12 212
1 10 212
2 9 213
15 5 214
16 4 215
17 3 216
15 18 216
8 17 216
5 8 216
9 3 217
10 2 218
11 1 219
6 18 219
16 14 219
12 10 219
18 3 219
9 17 221
13 5 221
14 4 222
20 5 224
20 20 226
19 20 227
20 19 228
20 20 229
13 5 229
4 1 230
1 3 230
17 7 230
20 9 230
20 10 231
15 10 231
10 7 233
11 14 233
6 18 233
18 16 233
19 15 234
20 14 235
5 2 235
17 10 236
11 6 237
12 5 238
20 15 238
20 16 239
6 7 239
10 16 239
11 15 240
18 19 241
9 7 243
17 6 243
14 12 243
5 7 243
6 6 244
7 5 245
12 19 245
20 16 245
14 17 246
18 13 246
1 20 248
2 19 249
10 20 251
4 6 252
7 18 254
16 16 254
2 12 256
6 10 256
7 9 257
9 13 258
12 12 258
7 10 259
8 9 260
14 17 262
10 3 263
11 2 264
12 18 264
13 17 265
1 3 265
6 8 266
15 12 266
7 9 266
14 1 267
4 17 268
5 16 269
6 15 270
1 20 270
2 19 271
15 12 271
6 13 272
7 12 273
6 16 274
10 13 274
1 17 275
5 13 275
6 12 276
8 11 276
9 10 277
19 8 277
8 7 278
10 2 279
3 17 279
19 9 279
2 9 279
3 8 280
4 7 281
5 6 282
1 10 282
17 19 284
18 3 285
19 2 286
6 18 286
17 8 286
1 1 287
5 10 287
1 13 287
10 13 287
11 12 288
12 11 289
7 19 289
5 17 289
6 16 290
7 15 291
3 8 291
7 8 291
15 6 291
16 3 291
20 1 291
20 2 292
2 10 294
8 20 294
9 19 295
16 2 295
7 17 295
8 16 296
9 15 297
10 14 298
17 8 300
18 7 301
19 6 302
3 14 302
4 13 303
5 12 304
15 11 305
16 10 306
4 13 307
8 16 308
5 13 310
6 12 311
17 1 313
20 9 313
14 19 313
2 2 313
3 1 314
5 7 315
14 6 315
8 2 315
1 10 315
13 4 315
5 3 315
6 2 316
18 1 318
19 1 319
17 18 319
1 17 319
2 16 320
6 12 320
7 3 320
8 18 320
10 19 321
3 8 321
12 8 321
10 2 321
11 1 322
18 15 323
17 4 323
18 3 324
15 7 324
13 3 326
19 15 326
18 7 326
19 6 327
18 19 327
16 9 327
13 4 327
14 12 327
15 11 328
16 10 329
4 17 331
10 11 331
11 10 332
14 10 332
11 11 332
15 16 334
9 13 334
14 16 334
4 4 334
16 10 334
17 9 335
13 11 336
6 4 336
9 7 336
10 7 336
5 16 336
5 20 336
15 6 338
15 1 338
8 4 338
10 8 338
11 7 339
12 6 340
13 5 341
4 10 343
5 9 344
6 8 345
2 1 346
6 11 346
6 14 346
5 14 348
2 19 350
19 8 350
20 7 351
13 10 352
14 9 353
15 4 353
16 3 354
9 5 354
5 4 355
2 3 355
20 2 355
20 3 356
3 5 356
3 10 356
12 20 357
13 19 358
14 18 359
3 12 361
6 15 363
20 20 363
2 9 363
3 8 364
18 18 364
3 18 366
4 17 367
14 18 369
9 11 369
7 16 369
6 15 369
16 16 371
11 3 371
1 9 371
3 6 371
14 16 372
20 6 373
15 11 373
8 4 374
17 14 375
18 13 376
7 16 376
13 15 377
10 10 377
14 1 377
15 1 378
16 1 379
19 14 379
14 14 379
5 10 379
9 12 381
8 8 382
12 9 382
13 4 382
14 3 383
16 16 385
1 17 385
14 8 385
16 4 385
16 15 385
17 14 386
18 13 387
19 12 388
4 18 389
2 7 390
3 6 391
15 2 391
16 1 392
18 1 392
19 1 393
10 8 393
11 1 393
12 1 394
13 16 394
12 1 395
8 17 395
9 18 395
11 8 395
12 7 396
5 12 396
6 11 397
7 10 398
10 3 400
11 2 401
6 5 403
10 7 403
3 15 403
17 7 404
4 12 404
5 11 405
3 4 407
4 3 408
13 18 410
14 19 410
5 12 411
19 8 412
13 20 412
14 19 413
18 7 415
12 6 417
3 11 417
16 1 417
10 5 417
6 7 417
17 14 417
2 19 417
3 18 418
13 8 418
2 6 420
5 16 421
12 7 422
12 18 423
13 17 424
14 16 425
18 16 427
4 8 427
17 5 427
15 1 429
9 10 430
10 9 431
11 8 432
16 4 432
17 3 433
18 2 434
2 7 434
2 4 436
9 15 436
15 15 436
14 14 436
15 6 436
9 13 436
10 12 437
16 4 437
17 3 438
18 2 439
19 1 440
7 7 440
8 6 441
10 14 443
1 10 445
1 15 446
2 14 447
20 10 447
19 16 447
1 12 448
5 5 448
5 6 448
6 5 449
8 4 449
11 10 451
12 9 452
3 14 452
12 19 452
7 14 452
8 13 453
7 1 454
6 11 454
9 4 454
7 16 455
7 3 455
8 2 456
9 1 457
10 1 458
15 4 459
8 7 459
1 12 459
2 11 460
2 6 460
10 3 462
2 16 462
5 3 464
11 6 464
5 9 464
10 9 464
9 9 464
6 4 466
16 13 467
17 12 468
18 11 469
5 17 469
6 16 470
19 10 470
10 14 472
13 4 472
16 16 472
9 10 473
10 9 474
13 9 474
13 15 474
1 15 474
2 14 475
3 13 476
7 20 476
8 19 477
13 19 479
13 17 479
2 7 479
15 4 479
16 3 480
2 6 481
19 14 481
8 15 481
7 1 481
8 1 482
6 9 484
5 17 484
3 13 484
19 13 484
5 6 485
3 2 487
8 5 487
9 4 488
10 3 489
9 13 489
18 14 489
15 17 489
7 11 490
7 17 491
15 8 492
1 17 494
16 19 494
20 1 494
13 18 494
2 18 494
8 8 494
18 17 494
14 9 494
3 16 494
12 1 495
18 2 495
19 1 496
14 16 496
15 15 497
18 19 497
6 3 499
19 15 499
2 3 501
13 5 501
4 16 501
10 4 503
11 3 504
13 5 504
19 11 505
20 10 506
11 10 506
10 11 506
18 11 508
19 10 509
3 17 510
11 20 510
15 16 510
18 6 510
19 5 511
20 4 512
20 4 514
14 13 514
5 4 514
10 18 514
11 17 515
1 20 515
2 19 516
7 2 518
16 17 518
6 9 518
13 8 520
12 13 520
15 1 520
5 13 520
6 12 521
7 11 522
4 8 522
5 7 523
12 1 523
11 2 524
12 1 525
13 1 526
11 4 526
4 10 526
7 14 526
6 4 526
15 13 526
5 4 528
12 9 529
17 11 529
18 10 530
14 12 530
15 11 531
9 14 533
15 20 534
7 19 534
2 14 534
18 18 534
8 3 534
9 2 535
10 1 536
11 1 536
12 15 536
20 20 536
8 10 536
20 15 536
20 16 537
19 19 539
20 18 540
16 10 540
6 14 540
16 3 542
18 19 543
19 18 544
18 17 544
5 14 544
5 7 546
6 6 547
7 5 548
8 4 549
9 3 550
5 4 550
1 2 550
2 1 551
3 20 551
12 17 551
16 13 551
4 7 551
10 19 551
3 11 551
17 16 553
20 15 553
12 17 553
1 16 553
20 5 553
11 4 554
7 8 554
8 7 555
16 10 555
14 14 555
9 6 555
1 12 555
2 11 556
8 13 556
5 12 556
13 20 556
17 13 556
20 11 557
20 12 558
8 20 558
16 8 558
8 6 559
6 14 559
1 10 559
2 9 560
7 14 560
11 16 560
12 15 561
10 4 563
3 4 564
4 3 565
15 20 565
16 19 566
17 18 567
2 15 567
3 14 568
4 13 569
16 1 571
19 13 571
1 12 572
2 11 573
18 19 573
18 12 573
19 11 574
20 10 575
5 18 575
6 15 576
7 14 577
6 6 577
14 10 577
17 11 579
8 1 579
4 1 580
4 14 580
4 7 582
18 18 582
3 11 583
4 10 584
8 5 585
9 4 586
1 10 587
6 4 588
12 16 590
13 15 591
8 3 592
14 9 592
15 8 593
20 17 594
2 1 595
19 10 595
8 4 597
9 3 598
2 5 599
3 4 600
20 12 602
3 18 602
5 14 602
6 13 603
19 16 603
12 20 605
13 19 606
14 18 607
15 17 608
1 6 608
3 7 610
12 17 610
13 16 611
14 15 612
18 17 612
13 9 612
4 8 612
1 9 614
13 18 616
14 17 617
13 2 617
18 1 619
6 17 619
14 19 619
14 18 619
1 3 619
14 11 619
15 10 620
7 1 621
8 1 622
8 7 622
5 7 622
6 6 623
1 18 624
2 17 625
3 16 626
17 9 626
11 7 628
5 13
0 0 0
