128
4
10:13 141 93 173 36
11:10 144 52 174 106
11:14 63 144 142 173
14:08 11 71 92 112
2
12:14 0 136 25 184
13:11 11 61 175 47
4
09:08 129 40 13 166
10:11 118 159 21 60
12:11 30 81 194 8
14:12 16 84 101 156
4
08:10 126 15 13 158
11:12 2 87 111 20
12:09 57 75 135 138
13:14 60 65 168 25
1
14:09 139 104 143 139
5
09:09 159 14 14 20
11:10 164 176 35 95
12:13 67 187 26 152
13:10 128 135 17 2
14:11 187 150 32 27
2
08:10 167 151 196 28
09:08 0 52 170 36
1
08:14 128 187 152 186
1
10:12 75 16 70 13
5
09:12 181 132 16 151
12:13 21 45 179 146
13:10 83 158 9 130
14:10 77 72 172 1
14:13 199 66 157 34
3
08:08 17 40 19 182
12:14 52 134 1 23
13:12 3 164 166 4
2
08:14 120 39 100 163
13:12 121 158 127 100
2
08:12 118 149 106 156
12:12 99 101 180 90
3
09:08 132 125 4 24
10:10 145 199 157 64
11:10 11 164 60 43
1
10:12 70 159 170 82
1
13:13 164 129 100 107
2
08:10 160 94 135 81
12:10 11 145 97 159
2
08:14 46 157 125 5
12:09 6 38 30 157
2
10:12 37 175 61 113
11:13 124 168 131 173
4
09:09 16 50 136 57
11:09 132 47 90 31
11:11 86 198 116 48
14:08 183 165 6 198
2
09:11 122 87 126 188
12:08 85 60 48 153
5
08:14 131 133 51 9
09:12 96 196 192 41
13:12 73 6 57 36
14:08 69 82 14 164
14:10 83 62 67 115
3
09:10 75 190 108 179
10:10 186 29 89 151
14:08 12 69 41 191
2
09:08 72 13 104 35
11:13 26 104 0 17
1
13:08 132 162 162 16
3
08:11 120 70 3 22
09:09 70 75 125 155
10:08 134 67 169 147
5
10:11 41 103 81 109
10:13 112 155 19 155
11:08 123 102 71 100
12:09 145 166 33 11
13:10 18 168 172 97
5
09:14 73 119 154 198
10:12 189 186 48 171
12:09 170 97 59 129
12:14 98 189 185 1
14:13 190 123 87 126
4
08:08 87 192 21 189
10:12 188 29 131 46
13:08 168 33 175 197
14:11 111 80 59 37
3
09:11 52 23 35 183
11:08 169 191 127 49
14:10 155 126 54 167
2
13:08 15 183 170 111
14:10 9 84 11 74
4
08:14 194 43 18 104
08:14 199 197 93 48
09:14 72 75 117 57
11:11 49 168 195 78
5
09:10 23 98 47 72
11:10 35 114 20 162
11:11 153 147 155 159
11:13 103 17 45 102
13:13 72 108 84 11
5
08:11 152 98 151 128
10:12 157 12 47 54
11:14 172 169 15 185
13:14 22 16 140 117
14:10 104 194 198 32
4
08:09 169 159 137 60
09:13 125 52 33 69
14:13 6 199 88 54
14:14 13 44 13 38
1
10:09 12 122 21 24
2
11:12 158 19 84 116
11:12 28 7 184 90
1
14:10 121 169 152 141
2
11:11 160 144 179 28
12:11 106 18 143 156
5
08:10 36 183 186 124
10:10 144 47 136 38
11:10 187 48 42 156
13:12 82 111 58 139
13:14 185 181 15 172
4
09:12 3 180 62 64
13:14 112 60 91 16
14:11 108 114 185 123
14:13 177 32 10 95
5
08:10 36 25 34 85
10:09 145 69 185 33
10:12 40 137 24 37
11:12 65 43 138 135
13:13 20 25 141 160
2
09:14 109 64 154 121
13:14 42 151 51 21
2
11:13 149 176 51 103
14:08 164 23 197 188
2
10:13 64 105 9 154
12:13 48 122 58 128
1
09:08 147 80 120 87
1
12:14 190 153 185 127
2
09:10 193 82 96 198
09:13 75 127 167 189
4
08:11 12 70 167 20
09:08 29 115 91 1
10:12 135 177 179 67
13:14 35 1 165 15
3
10:12 147 50 197 160
11:08 145 0 61 10
13:13 142 172 87 187
4
08:09 36 163 103 145
09:14 102 180 0 27
11:09 118 114 195 176
14:13 25 137 139 80
3
11:14 27 85 37 15
12:08 108 185 168 6
14:13 194 186 12 6
3
12:09 49 121 150 22
12:14 97 41 195 19
14:09 54 99 174 36
1
09:11 148 115 64 39
3
10:12 154 185 68 74
11:11 73 96 108 160
12:14 186 101 135 101
4
12:08 96 94 119 18
12:13 0 33 41 112
13:14 68 140 165 82
14:11 180 82 135 26
1
12:09 178 5 78 82
4
08:10 61 170 56 87
09:13 145 45 26 67
10:11 170 116 124 140
10:11 53 109 144 186
4
08:10 16 73 107 116
11:08 180 67 114 35
12:09 186 89 192 64
14:10 172 86 74 166
4
08:11 53 144 124 73
10:10 143 158 127 171
10:12 154 134 9 164
12:11 38 103 170 70
1
13:13 48 146 173 188
3
09:11 18 26 191 8
10:14 38 166 106 126
13:08 148 104 164 94
1
14:10 79 71 171 147
5
10:09 148 86 141 60
10:10 159 59 62 123
13:13 137 110 60 106
14:12 1 169 59 29
14:14 159 65 107 139
3
08:10 184 61 36 25
09:08 126 63 132 173
14:13 134 197 48 186
5
09:11 53 167 181 110
11:10 105 124 138 178
11:10 130 81 93 43
13:13 92 138 58 155
14:09 97 19 184 8
2
08:12 177 167 51 123
09:11 13 170 95 164
3
09:13 155 138 70 181
12:10 88 164 152 43
14:14 169 137 38 13
4
11:08 22 199 130 117
11:12 57 23 111 17
13:09 145 121 121 190
14:09 66 146 11 196
4
09:08 160 79 56 59
10:08 174 110 108 108
12:14 65 83 2 91
14:09 91 117 176 34
2
08:09 122 26 173 149
10:10 45 167 99 133
1
14:09 129 79 41 57
4
09:12 72 152 16 20
10:08 41 175 75 197
10:09 137 105 130 140
10:11 103 196 139 9
2
11:09 93 107 54 38
14:10 28 75 41 102
5
08:08 25 6 184 164
08:12 191 149 60 98
11:13 60 179 187 79
11:13 34 177 115 71
12:14 44 138 135 195
3
10:09 180 89 140 3
12:08 39 61 28 53
12:13 182 196 20 186
3
08:12 132 65 164 141
09:10 80 72 173 26
12:10 53 71 68 71
5
09:12 179 162 37 46
11:09 153 22 106 121
11:14 55 60 106 2
12:08 95 186 187 56
12:10 164 98 168 57
2
08:09 60 117 183 96
08:14 164 109 173 69
3
08:14 37 190 34 164
09:09 63 168 45 26
12:09 56 177 142 169
3
11:13 77 165 113 44
13:08 61 177 192 24
14:08 108 150 145 2
5
09:08 93 38 28 33
13:09 131 155 178 118
13:13 5 81 186 144
14:09 78 102 47 49
14:09 2 103 86 168
2
09:08 23 74 160 21
13:12 124 131 154 119
1
14:14 170 155 171 135
5
08:08 124 137 82 98
08:10 86 191 55 115
09:12 81 164 80 112
10:11 28 159 62 187
11:10 152 168 83 79
3
12:09 73 9 97 120
12:09 89 174 62 13
12:10 170 66 184 137
4
09:10 184 152 145 159
10:08 13 138 60 130
13:08 38 102 33 149
14:13 183 139 39 68
2
09:09 53 44 168 185
12:10 148 92 81 183
5
09:09 140 104 37 169
10:11 119 91 164 118
11:11 193 102 42 93
13:08 158 56 187 105
13:14 21 44 68 174
3
08:10 170 114 198 51
12:09 185 67 37 44
12:10 132 68 22 159
3
10:09 116 137 87 155
10:10 33 176 104 158
11:08 15 157 93 78
5
10:13 104 58 50 70
12:14 35 155 163 20
13:14 190 155 13 156
13:14 46 197 59 130
14:10 23 32 140 54
2
08:12 120 113 2 145
13:09 90 19 188 34
1
08:10 94 49 121 33
5
09:10 182 150 129 56
09:14 101 133 135 87
11:08 99 56 2 162
13:09 61 1 127 15
14:11 6 129 147 160
1
08:13 51 50 106 92
4
09:13 47 157 31 31
12:08 181 195 163 176
14:08 96 64 103 180
14:11 40 23 69 108
4
11:14 128 92 1 147
11:14 19 179 25 172
13:13 112 184 146 86
13:14 189 165 48 93
5
09:10 159 13 17 18
09:10 70 29 182 90
10:11 150 165 141 131
11:13 173 98 176 108
12:08 177 154 133 49
2
09:13 52 161 148 127
11:10 18 148 142 196
1
14:14 3 29 125 87
5
08:11 139 76 62 77
10:13 121 131 155 148
11:10 6 164 40 93
11:13 139 62 130 69
13:09 181 113 16 178
3
08:08 170 77 105 49
08:10 97 154 87 6
09:08 149 80 39 143
3
09:12 41 194 100 112
11:09 96 83 102 53
14:12 96 25 165 199
2
10:11 132 112 196 57
11:12 152 140 22 154
3
09:14 6 138 146 128
10:13 86 186 195 171
13:14 76 33 139 138
2
08:09 30 145 70 111
14:11 15 39 172 27
1
13:08 73 181 161 120
5
10:10 106 26 77 176
10:11 93 65 162 112
11:14 38 189 68 149
12:09 87 104 3 14
12:13 188 71 168 176
4
11:10 187 115 158 81
12:09 61 47 186 168
12:09 153 0 186 114
12:11 103 179 197 115
1
13:11 196 114 74 31
2
10:13 46 37 129 17
11:09 59 16 173 178
1
12:13 46 19 8 64
5
08:13 43 71 44 181
10:10 9 87 82 172
12:08 17 64 185 189
13:14 56 82 165 83
14:13 24 54 195 26
4
09:11 33 134 149 16
10:12 125 106 34 69
13:11 102 189 58 59
14:14 188 165 186 27
5
09:12 144 175 22 66
10:13 105 83 95 3
11:10 73 78 185 84
13:12 195 39 5 120
14:09 197 44 118 12
5
08:08 199 83 35 103
09:13 27 30 187 79
11:14 36 136 74 39
14:08 59 12 167 2
14:10 169 107 103 144
4
11:09 2 163 106 3
12:11 121 191 123 94
12:12 148 171 57 160
14:09 16 56 145 4
1
13:14 181 129 40 119
3
11:12 1 119 81 70
12:11 35 100 32 4
14:08 164 161 38 93
4
10:14 162 162 91 29
11:09 82 14 84 154
13:10 131 68 64 15
13:10 122 94 158 86
2
11:09 179 167 174 65
11:14 36 154 55 63
4
09:08 124 74 182 141
12:14 140 16 166 14
13:08 125 176 55 99
14:10 176 182 126 187
4
09:08 14 75 136 138
10:14 20 74 121 80
12:11 113 173 154 183
13:12 196 105 88 119
4
10:12 191 48 180 125
12:08 91 181 7 71
12:10 111 167 129 163
14:08 190 129 38 181
2
09:12 75 15 44 20
12:09 150 50 137 8
2
12:08 29 19 173 95
12:10 30 85 13 189
5
08:11 158 129 148 128
09:13 58 91 129 159
12:11 111 2 100 148
13:11 139 49 151 158
14:12 163 43 112 42
